300 key 13
500 key 13
700 text Mover
710 key 13
900 key 13
1190 move 600 300
1200 press 600 300
1210 move 626 190
1213 move 625 192
1216 move 625 194
1219 move 625 197
1222 move 625 199
1225 move 625 201
1228 move 624 204
1231 move 624 206
1234 move 623 209
1237 move 622 211
1240 move 622 213
1243 move 621 216
1246 move 620 218
1249 move 619 220
1252 move 618 223
1255 move 617 225
1258 move 615 227
1261 move 614 230
1264 move 613 232
1267 move 611 234
1270 move 610 236
1273 move 608 238
1276 move 606 241
1279 move 605 243
1282 move 603 245
1285 move 601 247
1288 move 599 249
1291 move 597 251
1294 move 595 253
1297 move 593 255
1300 move 591 257
1303 move 588 259
1306 move 586 261
1309 move 583 263
1312 move 581 265
1315 move 578 267
1318 move 576 269
1321 move 573 270
1324 move 570 272
1327 move 568 274
1330 move 565 276
1333 move 562 277
1336 move 559 279
1339 move 556 280
1342 move 553 282
1345 move 550 283
1348 move 547 285
1351 move 543 286
1354 move 540 288
1357 move 537 289
1360 move 534 290
1363 move 530 292
1366 move 527 293
1369 move 523 294
1372 move 520 295
1375 move 516 296
1378 move 513 298
1381 move 509 299
1384 move 505 300
1387 move 502 300
1390 move 498 301
1393 move 494 302
1396 move 490 303
1399 move 487 304
1402 move 483 304
1405 move 479 305
1408 move 475 306
1411 move 471 306
1414 move 467 307
1417 move 463 307
1420 move 459 308
1423 move 456 308
1426 move 452 308
1429 move 448 309
1432 move 444 309
1435 move 440 309
1438 move 436 309
1441 move 432 309
1444 move 428 309
1447 move 424 309
1450 move 420 309
1453 move 416 309
1456 move 412 309
1459 move 408 309
1462 move 404 309
1465 move 400 308
1468 move 396 308
1471 move 392 308
1474 move 388 307
1477 move 384 307
1480 move 380 306
1483 move 376 306
1486 move 372 305
1489 move 368 305
1492 move 365 304
1495 move 361 303
1498 move 357 302
1501 move 353 301
1504 move 350 301
1507 move 346 300
1510 move 342 299
1513 move 339 298
1516 move 335 297
1519 move 332 295
1522 move 328 294
1525 move 325 293
1528 move 321 292
1531 move 318 291
1534 move 314 289
1537 move 311 288
1540 move 308 287
1543 move 305 285
1546 move 301 284
1549 move 298 282
1552 move 295 281
1555 move 292 279
1558 move 289 277
1561 move 286 276
1564 move 284 274
1567 move 281 272
1570 move 278 271
1573 move 275 269
1576 move 273 267
1579 move 270 265
1582 move 268 263
1585 move 265 261
1588 move 263 259
1591 move 261 257
1594 move 258 255
1597 move 256 253
1600 move 254 251
1603 move 252 249
1606 move 250 247
1609 move 248 245
1612 move 246 243
1615 move 245 241
1618 move 243 239
1621 move 241 236
1624 move 240 234
1627 move 238 232
1630 move 237 230
1633 move 236 227
1636 move 235 225
1639 move 233 223
1642 move 232 221
1645 move 231 218
1648 move 230 216
1651 move 230 214
1654 move 229 211
1657 move 228 209
1660 move 228 206
1663 move 227 204
1666 move 227 202
1669 move 226 199
1672 move 226 197
1675 move 226 194
1678 move 226 192
1681 move 226 190
1684 move 226 187
1687 move 226 185
1690 move 226 182
1693 move 226 180
1696 move 226 178
1699 move 227 175
1702 move 227 173
1705 move 228 171
1708 move 229 168
1711 move 229 166
1714 move 230 163
1717 move 231 161
1720 move 232 159
1723 move 233 157
1726 move 234 154
1729 move 236 152
1732 move 237 150
1735 move 238 147
1738 move 240 145
1741 move 241 143
1744 move 243 141
1747 move 244 139
1750 move 246 136
1753 move 248 134
1756 move 250 132
1759 move 252 130
1762 move 254 128
1765 move 256 126
1768 move 258 124
1771 move 260 122
1774 move 263 120
1777 move 265 118
1780 move 267 116
1783 move 270 114
1786 move 272 112
1789 move 275 111
1792 move 278 109
1795 move 280 107
1798 move 283 105
1801 move 286 104
1804 move 289 102
1807 move 292 100
1810 move 295 99
1813 move 298 97
1816 move 301 96
1819 move 304 94
1822 move 307 93
1825 move 311 91
1828 move 314 90
1831 move 317 89
1834 move 321 87
1837 move 324 86
1840 move 327 85
1843 move 331 84
1846 move 334 83
1849 move 338 82
1852 move 342 81
1855 move 345 80
1858 move 349 79
1861 move 353 78
1864 move 356 77
1867 move 360 76
1870 move 364 75
1873 move 368 75
1876 move 372 74
1879 move 376 73
1882 move 379 73
1885 move 383 72
1888 move 387 72
1891 move 391 71
1894 move 395 71
1897 move 399 71
1900 move 403 70
1903 move 407 70
1906 move 411 70
1909 move 415 70
1912 move 419 70
1915 move 423 70
1918 move 427 70
1921 move 431 70
1924 move 435 70
1927 move 439 70
1930 move 443 70
1933 move 447 70
1936 move 451 70
1939 move 455 71
1942 move 459 71
1945 move 463 72
1948 move 467 72
1951 move 471 73
1954 move 475 73
1957 move 478 74
1960 move 482 74
1963 move 486 75
1966 move 490 76
1969 move 494 77
1972 move 497 78
1975 move 501 78
1978 move 505 79
1981 move 508 80
1984 move 512 81
1987 move 516 82
1990 move 519 83
1993 move 523 85
1996 move 526 86
1999 move 530 87
2002 move 533 88
2005 move 536 90
2008 move 540 91
2011 move 543 92
2014 move 546 94
2017 move 549 95
2020 move 552 97
2023 move 556 98
2026 move 559 100
2029 move 561 102
2032 move 564 103
2035 move 567 105
2038 move 570 107
2041 move 573 108
2044 move 575 110
2047 move 578 112
2050 move 581 114
2053 move 583 116
2056 move 586 118
2059 move 588 119
2062 move 590 121
2065 move 592 123
2068 move 595 125
2071 move 597 127
2074 move 599 130
2077 move 601 132
2080 move 603 134
2083 move 604 136
2086 move 606 138
2089 move 608 140
2092 move 609 142
2095 move 611 145
2098 move 612 147
2101 move 614 149
2104 move 615 151
2107 move 616 154
2110 release 500 300
